0 0.440299 0.237374 0.094527 0.393939
0 0.554726 0.237374 0.134328 0.393939
0 0.679104 0.237374 0.134328 0.393939
0 0.800995 0.237374 0.119403 0.393939
0 0.920398 0.242424 0.129353 0.404040
0 0.935323 0.732323 0.129353 0.373737
0 0.808458 0.742424 0.124378 0.414141
0 0.686567 0.732323 0.129353 0.393939
0 0.564677 0.727273 0.114428 0.404040
0 0.455224 0.717172 0.114428 0.383838
0 0.047264 0.873737 0.064677 0.212121
0 0.109453 0.878788 0.059701 0.222222
0 0.164179 0.873737 0.059701 0.212121
0 0.221393 0.863636 0.054726 0.191919
0 0.276119 0.863636 0.064677 0.212121
0 0.340796 0.873737 0.064677 0.212121
