0 0.438424 0.257732 0.098522 0.391753
0 0.544335 0.237113 0.133005 0.412371
0 0.672414 0.231959 0.123153 0.402062
0 0.793103 0.247423 0.118227 0.412371
0 0.911330 0.247423 0.118227 0.391753
0 0.448276 0.757732 0.088670 0.402062
0 0.556650 0.752577 0.137931 0.412371
0 0.679803 0.757732 0.118227 0.443299
0 0.798030 0.747423 0.118227 0.422680
0 0.921182 0.762887 0.118227 0.432990
0 0.285714 0.871134 0.088670 0.216495
0 0.201970 0.886598 0.078818 0.226804
0 0.150246 0.881443 0.024631 0.237113
0 0.093596 0.871134 0.078818 0.237113
