0 0.433498 0.216495 0.098522 0.391753
0 0.544335 0.216495 0.123153 0.391753
0 0.669951 0.216495 0.128079 0.391753
0 0.788177 0.221649 0.128079 0.422680
0 0.906404 0.216495 0.137931 0.412371
0 0.438424 0.716495 0.088670 0.443299
0 0.556650 0.721649 0.128079 0.432990
0 0.674877 0.721649 0.128079 0.453608
0 0.795567 0.716495 0.123153 0.463918
0 0.913793 0.711340 0.133005 0.453608
0 0.051724 0.840206 0.073892 0.216495
0 0.120690 0.829897 0.073892 0.237113
0 0.189655 0.829897 0.064039 0.237113
0 0.251232 0.829897 0.068966 0.216495
0 0.312808 0.829897 0.064039 0.216495
0 0.349754 0.829897 0.029557 0.216495
