0 0.225738 0.361386 0.097046 0.465347
0 0.333333 0.356436 0.118143 0.455446
0 0.451477 0.351485 0.118143 0.485149
0 0.554852 0.346535 0.113924 0.475248
0 0.670886 0.336634 0.118143 0.455446
0 0.812236 0.331683 0.113924 0.425743
0 0.921941 0.331683 0.113924 0.445545
0 0.919831 0.792079 0.101266 0.316832
0 0.805907 0.801980 0.109705 0.316832
0 0.664557 0.811881 0.113924 0.316832
0 0.554852 0.821782 0.105485 0.316832
0 0.445148 0.816832 0.113924 0.326733
0 0.331224 0.816832 0.113924 0.326733
0 0.219409 0.821782 0.109705 0.316832
