0 0.246875 0.527083 0.093750 0.279167
0 0.345313 0.533333 0.090625 0.291667
0 0.442188 0.525000 0.096875 0.283333
0 0.548438 0.531250 0.096875 0.295833
0 0.643750 0.533333 0.093750 0.300000
0 0.745313 0.529167 0.096875 0.291667
0 0.842187 0.541667 0.090625 0.308333
0 0.835938 0.331250 0.040625 0.062500
0 0.871875 0.327083 0.037500 0.062500
0 0.693750 0.316667 0.050000 0.083333
0 0.640625 0.310417 0.062500 0.087500
0 0.589063 0.308333 0.040625 0.066667
0 0.546875 0.300000 0.043750 0.066667
0 0.501563 0.308333 0.046875 0.075000
0 0.454688 0.306250 0.046875 0.079167
0 0.407813 0.308333 0.053125 0.083333
0 0.204687 0.352083 0.028125 0.087500
0 0.234375 0.345833 0.025000 0.075000
0 0.264062 0.345833 0.034375 0.075000
