0 0.182812 0.547917 0.103125 0.287500
0 0.289062 0.545833 0.103125 0.275000
0 0.398438 0.547917 0.103125 0.270833
0 0.617188 0.537500 0.096875 0.283333
0 0.718750 0.537500 0.093750 0.283333
0 0.820312 0.537500 0.090625 0.275000
0 0.687500 0.341667 0.062500 0.083333
0 0.610938 0.341667 0.065625 0.091667
0 0.539062 0.339583 0.071875 0.087500
0 0.468750 0.339583 0.075000 0.079167
0 0.398438 0.337500 0.065625 0.083333
0 0.326562 0.335417 0.065625 0.079167
0 0.810937 0.325000 0.028125 0.058333
0 0.842187 0.331250 0.034375 0.062500
0 0.767188 0.270833 0.028125 0.041667
0 0.795312 0.272917 0.021875 0.037500
0 0.818750 0.275000 0.025000 0.033333
0 0.845313 0.277083 0.021875 0.029167
0 0.870313 0.272917 0.021875 0.037500
0 0.682813 0.275000 0.040625 0.058333
0 0.640625 0.272917 0.043750 0.062500
0 0.606250 0.270833 0.037500 0.058333
0 0.575000 0.272917 0.037500 0.054167
0 0.537500 0.275000 0.037500 0.058333
0 0.506250 0.277083 0.031250 0.062500
0 0.464062 0.275000 0.040625 0.058333
0 0.429688 0.275000 0.034375 0.066667
0 0.395313 0.275000 0.034375 0.058333
0 0.359375 0.270833 0.037500 0.066667
0 0.323437 0.266667 0.034375 0.066667
