0 0.253125 0.495833 0.087500 0.258333
0 0.343750 0.493750 0.081250 0.254167
0 0.437500 0.495833 0.087500 0.266667
0 0.568750 0.495833 0.093750 0.258333
0 0.662500 0.497917 0.087500 0.270833
0 0.759375 0.489583 0.087500 0.262500
0 0.775000 0.322917 0.025000 0.054167
0 0.798438 0.322917 0.021875 0.054167
0 0.818750 0.318750 0.018750 0.062500
0 0.839063 0.318750 0.021875 0.062500
0 0.670312 0.308333 0.071875 0.075000
0 0.606250 0.306250 0.056250 0.079167
0 0.540625 0.306250 0.075000 0.062500
0 0.478125 0.306250 0.062500 0.070833
0 0.439063 0.306250 0.028125 0.079167
0 0.395313 0.308333 0.065625 0.066667
0 0.337500 0.308333 0.050000 0.075000
0 0.179688 0.331250 0.040625 0.095833
0 0.209375 0.331250 0.025000 0.095833
0 0.237500 0.318750 0.037500 0.087500
0 0.575000 0.656250 0.025000 0.045833
0 0.593750 0.656250 0.012500 0.045833
0 0.610938 0.656250 0.015625 0.054167
0 0.645312 0.658333 0.021875 0.050000
0 0.667188 0.660417 0.015625 0.054167
0 0.681250 0.660417 0.012500 0.045833
0 0.696875 0.658333 0.018750 0.050000
0 0.712500 0.652083 0.012500 0.045833
0 0.729688 0.654167 0.015625 0.041667
0 0.746875 0.656250 0.018750 0.054167
0 0.768750 0.654167 0.012500 0.050000
0 0.779687 0.654167 0.015625 0.050000
0 0.795312 0.654167 0.015625 0.050000
0 0.806250 0.658333 0.012500 0.050000
0 0.818750 0.654167 0.012500 0.050000
