0 0.206250 0.485417 0.100000 0.262500
0 0.307812 0.493750 0.096875 0.245833
0 0.421875 0.491667 0.106250 0.241667
0 0.570312 0.495833 0.103125 0.250000
0 0.673438 0.495833 0.096875 0.250000
0 0.779687 0.502083 0.103125 0.262500
0 0.812500 0.302083 0.031250 0.070833
0 0.781250 0.297917 0.031250 0.079167
0 0.692187 0.304167 0.053125 0.100000
0 0.640625 0.306250 0.056250 0.112500
0 0.592187 0.302083 0.046875 0.104167
0 0.535937 0.302083 0.059375 0.112500
0 0.478125 0.302083 0.056250 0.112500
0 0.418750 0.287500 0.062500 0.141667
0 0.323437 0.281250 0.090625 0.137500
0 0.201563 0.275000 0.053125 0.100000
0 0.337500 0.654167 0.031250 0.058333
0 0.362500 0.650000 0.025000 0.058333
0 0.385937 0.654167 0.021875 0.041667
0 0.417187 0.650000 0.028125 0.058333
0 0.443750 0.658333 0.018750 0.041667
0 0.462500 0.652083 0.012500 0.054167
0 0.481250 0.658333 0.025000 0.050000
0 0.498437 0.658333 0.015625 0.058333
0 0.518750 0.660417 0.018750 0.045833
0 0.532813 0.654167 0.021875 0.066667
0 0.562500 0.652083 0.025000 0.062500
0 0.578125 0.660417 0.012500 0.062500
0 0.598437 0.660417 0.021875 0.054167
0 0.615625 0.662500 0.012500 0.058333
0 0.639062 0.664583 0.028125 0.054167
