0 0.217188 0.481250 0.109375 0.254167
0 0.221875 0.647917 0.050000 0.087500
0 0.337500 0.491667 0.112500 0.258333
0 0.453125 0.483333 0.118750 0.258333
0 0.614062 0.491667 0.109375 0.258333
0 0.729688 0.489583 0.109375 0.287500
0 0.834375 0.477083 0.112500 0.270833
0 0.815625 0.662500 0.037500 0.066667
0 0.856250 0.660417 0.037500 0.070833
0 0.725000 0.683333 0.062500 0.100000
0 0.662500 0.675000 0.056250 0.083333
0 0.614062 0.672917 0.053125 0.087500
0 0.559375 0.675000 0.050000 0.091667
0 0.498437 0.672917 0.065625 0.104167
0 0.450000 0.681250 0.043750 0.095833
0 0.395313 0.675000 0.065625 0.091667
0 0.339062 0.677083 0.053125 0.087500
