0 0.081667 0.120741 0.098333 0.164444
0 0.231250 0.123704 0.115833 0.173333
0 0.386250 0.127407 0.099167 0.174815
0 0.540833 0.129630 0.083333 0.176296
0 0.672500 0.120741 0.113333 0.164444
0 0.799167 0.122222 0.075000 0.179259
0 0.939167 0.122222 0.075000 0.170370
0 0.931667 0.385926 0.078333 0.155556
0 0.801250 0.390370 0.099167 0.197037
0 0.661667 0.389630 0.073333 0.195556
0 0.529583 0.403704 0.087500 0.202963
0 0.360417 0.397037 0.099167 0.204444
0 0.223333 0.390370 0.075000 0.191111
0 0.075417 0.379259 0.099167 0.160000
0 0.080417 0.631111 0.102500 0.151111
0 0.080000 0.885185 0.106667 0.158519
0 0.224167 0.633333 0.098333 0.188148
0 0.230833 0.877778 0.098333 0.173333
0 0.385000 0.876296 0.108333 0.164444
0 0.384167 0.649630 0.110000 0.173333
0 0.535417 0.654815 0.105833 0.177778
0 0.532083 0.885926 0.089167 0.177778
0 0.676667 0.657037 0.110000 0.200000
0 0.687500 0.886667 0.101667 0.197037
0 0.816250 0.648148 0.095833 0.194074
0 0.929167 0.649630 0.088333 0.185185
