0 0.154206 0.118956 0.065421 0.152805
0 0.322430 0.388781 0.111111 0.174081
0 0.510903 0.626692 0.118380 0.177950
0 0.677051 0.873308 0.076843 0.148936
0 0.147456 0.384913 0.087227 0.135397
0 0.310488 0.627660 0.101765 0.145068
0 0.493769 0.880077 0.111111 0.143133
0 0.149533 0.618956 0.083074 0.139265
0 0.333333 0.880077 0.093458 0.147002
0 0.113188 0.878143 0.064382 0.139265
0 0.185877 0.888781 0.072690 0.125725
0 0.849429 0.887814 0.076843 0.158607
0 0.679647 0.640232 0.071651 0.150870
0 0.501038 0.389749 0.077882 0.133462
0 0.320353 0.131528 0.077882 0.174081
0 0.506750 0.124758 0.089304 0.160542
0 0.674455 0.122824 0.075805 0.145068
0 0.861371 0.149903 0.098650 0.168279
0 0.850467 0.409091 0.058152 0.160542
0 0.859294 0.631528 0.075805 0.168279
0 0.672378 0.390716 0.079958 0.147002
