0 0.195000 0.083333 0.081111 0.108844
0 0.335556 0.086735 0.104444 0.098639
0 0.470000 0.095238 0.097778 0.112245
0 0.693889 0.096939 0.083333 0.095238
0 0.831667 0.080782 0.065556 0.093537
0 0.857222 0.267857 0.067778 0.093537
0 0.719444 0.265306 0.065556 0.091837
0 0.582222 0.264456 0.075556 0.093537
0 0.444444 0.257653 0.080000 0.100340
0 0.305556 0.249150 0.080000 0.079932
0 0.161667 0.249150 0.065556 0.079932
0 0.199444 0.423469 0.094444 0.108844
0 0.336111 0.424320 0.103333 0.093537
0 0.542778 0.418367 0.072222 0.108844
0 0.676111 0.418367 0.065556 0.102041
0 0.816111 0.419218 0.063333 0.100340
0 0.848333 0.593537 0.085556 0.098639
0 0.718333 0.585034 0.092222 0.108844
0 0.577778 0.578231 0.071111 0.098639
0 0.442222 0.584184 0.060000 0.107143
0 0.304444 0.594388 0.082222 0.100340
0 0.173889 0.588435 0.087778 0.108844
0 0.255000 0.728741 0.087778 0.090136
0 0.389444 0.727891 0.092222 0.105442
0 0.605556 0.734694 0.091111 0.108844
0 0.741111 0.728741 0.084444 0.100340
0 0.173333 0.902211 0.064444 0.096939
0 0.317222 0.903061 0.065556 0.091837
0 0.451667 0.901361 0.065556 0.088435
0 0.590556 0.896259 0.078889 0.102041
0 0.722222 0.909014 0.080000 0.103741
0 0.861667 0.894558 0.085556 0.112245
