0 0.168000 0.170391 0.062000 0.212291
0 0.275000 0.163408 0.074000 0.203911
0 0.382000 0.171788 0.050000 0.175978
0 0.464500 0.146648 0.061000 0.198324
0 0.553000 0.143855 0.060000 0.215084
0 0.644000 0.163408 0.062000 0.187151
0 0.762000 0.170391 0.060000 0.184358
0 0.861000 0.155028 0.050000 0.192737
0 0.840000 0.421788 0.054000 0.251397
0 0.814500 0.659218 0.071000 0.189944
0 0.834000 0.844972 0.078000 0.181564
0 0.731500 0.846369 0.065000 0.184358
0 0.708000 0.636872 0.072000 0.184358
0 0.735000 0.386872 0.040000 0.153631
0 0.654000 0.382682 0.046000 0.173184
0 0.576500 0.416201 0.035000 0.167598
0 0.495000 0.406425 0.040000 0.198324
0 0.408500 0.398045 0.043000 0.215084
0 0.313000 0.417598 0.076000 0.170391
0 0.191000 0.399441 0.076000 0.201117
0 0.164000 0.634078 0.062000 0.189944
0 0.272000 0.614525 0.062000 0.178771
0 0.355500 0.639665 0.041000 0.206704
0 0.430000 0.649441 0.040000 0.198324
0 0.509000 0.617318 0.050000 0.162011
0 0.604500 0.620112 0.051000 0.145251
0 0.640000 0.864525 0.042000 0.209497
0 0.549000 0.885475 0.040000 0.167598
0 0.463500 0.882682 0.049000 0.150838
0 0.380500 0.885475 0.045000 0.162011
0 0.292500 0.857542 0.041000 0.128492
0 0.201500 0.877095 0.053000 0.162011
