0 0.084314 0.148305 0.082353 0.262712
0 0.184314 0.152542 0.078431 0.271186
0 0.290196 0.156780 0.086275 0.262712
0 0.378431 0.156780 0.082353 0.262712
0 0.470588 0.165254 0.078431 0.262712
0 0.568627 0.152542 0.062745 0.254237
0 0.656863 0.165254 0.082353 0.245763
0 0.766667 0.169492 0.098039 0.288136
0 0.850980 0.161017 0.070588 0.271186
0 0.945098 0.173729 0.094118 0.279661
0 0.945098 0.516949 0.054902 0.186441
0 0.954902 0.864407 0.050980 0.203390
0 0.864706 0.838983 0.066667 0.237288
0 0.850980 0.491525 0.062745 0.203390
0 0.762745 0.478814 0.090196 0.211864
0 0.664706 0.483051 0.074510 0.271186
0 0.570588 0.478814 0.058824 0.228814
0 0.474510 0.474576 0.086275 0.220339
0 0.374510 0.474576 0.058824 0.237288
0 0.282353 0.474576 0.086275 0.220339
0 0.174510 0.487288 0.082353 0.194915
0 0.092157 0.491525 0.058824 0.203390
0 0.101961 0.860169 0.078431 0.228814
0 0.200000 0.855932 0.101961 0.237288
0 0.292157 0.872881 0.082353 0.254237
0 0.378431 0.851695 0.074510 0.228814
0 0.476471 0.851695 0.082353 0.245763
0 0.576471 0.838983 0.086275 0.237288
0 0.668627 0.843220 0.074510 0.245763
0 0.764706 0.838983 0.070588 0.254237
