0 0.180000 0.276961 0.063333 0.308824
0 0.170000 0.740196 0.060000 0.303922
0 0.260000 0.267157 0.070000 0.308824
0 0.240833 0.723039 0.065000 0.299020
0 0.342500 0.259804 0.061667 0.294118
0 0.328333 0.730392 0.070000 0.323529
0 0.423333 0.267157 0.066667 0.289216
0 0.411667 0.735294 0.073333 0.294118
0 0.502500 0.274510 0.075000 0.303922
0 0.499167 0.732843 0.071667 0.299020
0 0.585833 0.267157 0.071667 0.279412
0 0.585833 0.742647 0.088333 0.308824
0 0.672500 0.274510 0.061667 0.274510
0 0.675833 0.745098 0.071667 0.303922
0 0.755000 0.262255 0.066667 0.289216
0 0.758333 0.745098 0.066667 0.294118
0 0.835833 0.274510 0.068333 0.284314
0 0.839167 0.752451 0.068333 0.279412
0 0.915000 0.269608 0.066667 0.274510
0 0.918333 0.769608 0.070000 0.254902
