0 0.217000 0.220000 0.062000 0.180000
0 0.273000 0.228333 0.046000 0.196667
0 0.324000 0.233333 0.060000 0.173333
0 0.393000 0.230000 0.070000 0.160000
0 0.457000 0.236667 0.062000 0.166667
0 0.520000 0.228333 0.068000 0.170000
0 0.588000 0.216667 0.068000 0.200000
0 0.652000 0.230000 0.068000 0.173333
0 0.718000 0.231667 0.064000 0.176667
0 0.784000 0.243333 0.068000 0.206667
0 0.803000 0.506667 0.070000 0.200000
0 0.806000 0.793333 0.072000 0.186667
0 0.732000 0.796667 0.072000 0.200000
0 0.734000 0.505000 0.068000 0.156667
0 0.659000 0.501667 0.074000 0.170000
0 0.658000 0.791667 0.072000 0.183333
0 0.589000 0.501667 0.066000 0.176667
0 0.588000 0.791667 0.064000 0.170000
0 0.513000 0.783333 0.082000 0.160000
0 0.520000 0.500000 0.068000 0.173333
0 0.449000 0.501667 0.066000 0.163333
0 0.374000 0.500000 0.080000 0.173333
0 0.303000 0.510000 0.062000 0.160000
0 0.249000 0.501667 0.042000 0.183333
0 0.196000 0.493333 0.060000 0.180000
0 0.176000 0.796667 0.056000 0.133333
0 0.235000 0.793333 0.034000 0.180000
0 0.291000 0.788333 0.062000 0.190000
0 0.365000 0.790000 0.078000 0.186667
0 0.437000 0.793333 0.066000 0.193333
