0 0.275000 0.514583 0.081250 0.212500
0 0.357812 0.518750 0.078125 0.212500
0 0.434375 0.518750 0.068750 0.212500
0 0.518750 0.518750 0.093750 0.212500
0 0.603125 0.522917 0.075000 0.220833
0 0.681250 0.520833 0.075000 0.225000
0 0.771875 0.522917 0.100000 0.220833
0 0.393750 0.364583 0.031250 0.087500
0 0.431250 0.364583 0.050000 0.087500
0 0.478125 0.366667 0.050000 0.091667
0 0.515625 0.366667 0.025000 0.091667
0 0.551562 0.364583 0.040625 0.095833
0 0.601562 0.366667 0.053125 0.091667
0 0.651563 0.366667 0.046875 0.091667
