0 0.200000 0.504167 0.118750 0.308333
0 0.315625 0.504167 0.106250 0.308333
0 0.425000 0.504167 0.112500 0.300000
0 0.590625 0.514583 0.087500 0.279167
0 0.706250 0.520833 0.125000 0.283333
0 0.821875 0.518750 0.112500 0.287500
0 0.396875 0.685417 0.056250 0.070833
0 0.448437 0.691667 0.040625 0.075000
0 0.496875 0.693750 0.050000 0.070833
0 0.553125 0.695833 0.050000 0.083333
0 0.607812 0.691667 0.053125 0.075000
0 0.417187 0.308333 0.028125 0.091667
0 0.465625 0.310417 0.062500 0.095833
0 0.526563 0.316667 0.059375 0.108333
0 0.593750 0.312500 0.068750 0.108333
0 0.825000 0.329167 0.043750 0.091667
0 0.870313 0.327083 0.046875 0.087500
