0 0.229687 0.545833 0.103125 0.266667
0 0.320312 0.547917 0.090625 0.279167
0 0.423438 0.556250 0.121875 0.287500
0 0.601562 0.554167 0.103125 0.275000
0 0.695312 0.562500 0.078125 0.275000
0 0.785937 0.562500 0.096875 0.275000
0 0.681250 0.362500 0.068750 0.100000
0 0.620313 0.360417 0.053125 0.104167
0 0.559375 0.356250 0.056250 0.112500
0 0.495312 0.347917 0.071875 0.104167
0 0.425000 0.347917 0.068750 0.104167
0 0.353125 0.345833 0.075000 0.108333
0 0.775000 0.347917 0.031250 0.070833
0 0.804688 0.345833 0.028125 0.066667
0 0.828125 0.345833 0.031250 0.066667
0 0.250000 0.347917 0.068750 0.120833
0 0.195312 0.347917 0.040625 0.120833
