0 0.150000 0.541667 0.112500 0.266667
0 0.256250 0.537500 0.100000 0.258333
0 0.368750 0.543750 0.118750 0.279167
0 0.578125 0.533333 0.118750 0.250000
0 0.689063 0.535417 0.103125 0.254167
0 0.798438 0.539583 0.115625 0.254167
0 0.371875 0.725000 0.050000 0.066667
0 0.410938 0.727083 0.034375 0.079167
0 0.439063 0.727083 0.034375 0.070833
0 0.471875 0.729167 0.037500 0.083333
0 0.504687 0.729167 0.028125 0.075000
0 0.531250 0.731250 0.031250 0.070833
0 0.560937 0.725000 0.028125 0.066667
0 0.595313 0.725000 0.034375 0.075000
0 0.298438 0.345833 0.065625 0.100000
0 0.362500 0.362500 0.050000 0.091667
0 0.412500 0.352083 0.056250 0.104167
0 0.459375 0.339583 0.043750 0.104167
0 0.504687 0.341667 0.059375 0.100000
0 0.553125 0.347917 0.056250 0.087500
0 0.598437 0.343750 0.046875 0.104167
0 0.648438 0.350000 0.053125 0.116667
0 0.826562 0.339583 0.040625 0.062500
