0 0.271875 0.472917 0.118750 0.287500
0 0.381250 0.468750 0.093750 0.295833
0 0.478125 0.477083 0.093750 0.295833
0 0.587500 0.483333 0.118750 0.300000
0 0.778125 0.483333 0.100000 0.300000
0 0.885938 0.483333 0.103125 0.308333
0 0.351562 0.672917 0.084375 0.095833
0 0.407813 0.687500 0.040625 0.058333
0 0.450000 0.685417 0.037500 0.054167
0 0.489063 0.689583 0.034375 0.062500
0 0.521875 0.683333 0.031250 0.066667
0 0.546875 0.679167 0.018750 0.066667
0 0.575000 0.685417 0.037500 0.062500
0 0.614062 0.685417 0.046875 0.062500
0 0.642188 0.681250 0.021875 0.070833
0 0.668750 0.691667 0.037500 0.058333
0 0.707812 0.687500 0.040625 0.075000
0 0.751563 0.685417 0.046875 0.087500
0 0.170313 0.672917 0.040625 0.095833
0 0.200000 0.666667 0.025000 0.100000
0 0.226562 0.666667 0.040625 0.100000
0 0.420312 0.279167 0.109375 0.100000
0 0.512500 0.279167 0.081250 0.100000
0 0.567187 0.281250 0.034375 0.104167
0 0.628125 0.283333 0.087500 0.108333
0 0.707812 0.279167 0.078125 0.100000
