0 0.193750 0.518750 0.068750 0.295833
0 0.368750 0.527083 0.106250 0.287500
0 0.278125 0.525000 0.037500 0.075000
0 0.468750 0.531250 0.112500 0.287500
0 0.573438 0.527083 0.115625 0.279167
0 0.679688 0.529167 0.103125 0.291667
0 0.790625 0.525000 0.100000 0.283333
0 0.767188 0.300000 0.028125 0.091667
0 0.790625 0.308333 0.025000 0.083333
0 0.815625 0.308333 0.031250 0.091667
0 0.842187 0.310417 0.028125 0.087500
0 0.314063 0.279167 0.046875 0.116667
0 0.364063 0.277083 0.046875 0.112500
0 0.409375 0.270833 0.043750 0.100000
0 0.450000 0.275000 0.043750 0.100000
0 0.498437 0.277083 0.046875 0.104167
0 0.542188 0.275000 0.040625 0.100000
0 0.585938 0.272917 0.046875 0.095833
0 0.640625 0.277083 0.062500 0.095833
