0 0.187500 0.539583 0.112500 0.279167
0 0.287500 0.535417 0.087500 0.262500
0 0.390625 0.531250 0.118750 0.245833
0 0.493750 0.539583 0.050000 0.095833
0 0.582812 0.543750 0.090625 0.279167
0 0.685937 0.537500 0.115625 0.250000
0 0.782813 0.541667 0.096875 0.266667
0 0.775000 0.372917 0.025000 0.070833
0 0.807813 0.383333 0.040625 0.083333
0 0.332813 0.331250 0.059375 0.104167
0 0.396875 0.333333 0.062500 0.108333
0 0.459375 0.337500 0.062500 0.108333
0 0.512500 0.339583 0.068750 0.104167
0 0.573438 0.345833 0.065625 0.116667
0 0.639062 0.341667 0.065625 0.108333
0 0.296875 0.683333 0.025000 0.050000
0 0.325000 0.685417 0.031250 0.054167
0 0.354687 0.687500 0.034375 0.050000
0 0.400000 0.689583 0.031250 0.045833
0 0.421875 0.691667 0.018750 0.050000
0 0.446875 0.689583 0.018750 0.045833
0 0.464062 0.691667 0.028125 0.058333
0 0.493750 0.689583 0.025000 0.054167
0 0.517188 0.691667 0.028125 0.058333
0 0.562500 0.691667 0.025000 0.058333
0 0.587500 0.689583 0.025000 0.054167
0 0.609375 0.691667 0.031250 0.050000
0 0.634375 0.689583 0.025000 0.045833
0 0.664062 0.697917 0.034375 0.054167
