0 0.160938 0.545833 0.115625 0.333333
0 0.279687 0.550000 0.115625 0.333333
0 0.409375 0.547917 0.118750 0.320833
0 0.493750 0.558333 0.081250 0.150000
0 0.585938 0.541667 0.115625 0.316667
0 0.714063 0.552083 0.128125 0.320833
0 0.831250 0.558333 0.125000 0.341667
0 0.850000 0.335417 0.037500 0.095833
0 0.887500 0.333333 0.037500 0.091667
0 0.792188 0.345833 0.034375 0.100000
0 0.751563 0.339583 0.046875 0.087500
0 0.720313 0.343750 0.021875 0.095833
0 0.687500 0.337500 0.043750 0.100000
0 0.648438 0.329167 0.040625 0.100000
0 0.606250 0.327083 0.037500 0.104167
0 0.557813 0.331250 0.059375 0.087500
0 0.507812 0.327083 0.040625 0.095833
0 0.467187 0.329167 0.046875 0.083333
0 0.321875 0.320833 0.062500 0.091667
0 0.270313 0.322917 0.040625 0.087500
0 0.223438 0.316667 0.046875 0.100000
0 0.154688 0.310417 0.053125 0.095833
0 0.304688 0.737500 0.028125 0.066667
0 0.329688 0.739583 0.015625 0.070833
0 0.354687 0.739583 0.028125 0.070833
0 0.385937 0.739583 0.028125 0.079167
0 0.428125 0.735417 0.031250 0.079167
0 0.460938 0.733333 0.028125 0.075000
0 0.490625 0.737500 0.031250 0.083333
0 0.521875 0.739583 0.037500 0.079167
0 0.567187 0.739583 0.034375 0.070833
0 0.601562 0.739583 0.028125 0.062500
0 0.651563 0.741667 0.034375 0.075000
0 0.673438 0.741667 0.015625 0.058333
0 0.698438 0.743750 0.028125 0.062500
