0 0.198437 0.464583 0.115625 0.295833
0 0.309375 0.447917 0.106250 0.279167
0 0.459375 0.454167 0.112500 0.258333
0 0.565625 0.458333 0.087500 0.258333
0 0.668750 0.462500 0.100000 0.275000
0 0.775000 0.462500 0.106250 0.275000
0 0.306250 0.627083 0.050000 0.070833
0 0.346875 0.641667 0.037500 0.066667
0 0.378125 0.635417 0.031250 0.070833
0 0.410938 0.635417 0.040625 0.087500
0 0.446875 0.637500 0.037500 0.083333
0 0.484375 0.639583 0.050000 0.070833
0 0.534375 0.637500 0.050000 0.083333
0 0.568750 0.637500 0.031250 0.075000
0 0.603125 0.643750 0.037500 0.070833
0 0.632812 0.637500 0.028125 0.075000
0 0.668750 0.647917 0.043750 0.070833
0 0.120313 0.210417 0.053125 0.062500
0 0.173437 0.206250 0.053125 0.062500
0 0.225000 0.210417 0.050000 0.062500
0 0.275000 0.210417 0.056250 0.062500
0 0.328125 0.214583 0.056250 0.062500
0 0.410938 0.212500 0.059375 0.058333
0 0.467187 0.206250 0.059375 0.070833
0 0.520312 0.210417 0.053125 0.062500
0 0.571875 0.210417 0.050000 0.062500
0 0.620313 0.210417 0.053125 0.054167
0 0.695312 0.218750 0.065625 0.070833
0 0.748437 0.218750 0.046875 0.079167
0 0.795312 0.218750 0.059375 0.079167
0 0.850000 0.216667 0.056250 0.075000
0 0.335938 0.270833 0.065625 0.083333
0 0.382812 0.281250 0.034375 0.070833
0 0.431250 0.281250 0.068750 0.070833
0 0.482812 0.281250 0.034375 0.112500
0 0.482812 0.239583 0.034375 0.029167
0 0.514062 0.279167 0.040625 0.066667
0 0.548438 0.279167 0.034375 0.075000
0 0.579688 0.285417 0.028125 0.079167
0 0.609375 0.283333 0.037500 0.066667
0 0.651563 0.289583 0.046875 0.079167
