0 0.220312 0.508333 0.103125 0.283333
0 0.321875 0.504167 0.093750 0.291667
0 0.417187 0.487500 0.096875 0.300000
0 0.609375 0.487500 0.106250 0.283333
0 0.715625 0.487500 0.106250 0.300000
0 0.820312 0.487500 0.128125 0.300000
0 0.417187 0.304167 0.034375 0.066667
0 0.446875 0.308333 0.031250 0.066667
0 0.475000 0.302083 0.031250 0.062500
0 0.501563 0.300000 0.028125 0.058333
0 0.529687 0.304167 0.028125 0.066667
0 0.562500 0.304167 0.031250 0.058333
0 0.593750 0.306250 0.031250 0.062500
0 0.325000 0.679167 0.043750 0.075000
0 0.364063 0.681250 0.028125 0.045833
0 0.400000 0.679167 0.037500 0.050000
0 0.453125 0.666667 0.056250 0.075000
0 0.495312 0.675000 0.028125 0.050000
0 0.526563 0.675000 0.034375 0.041667
0 0.556250 0.672917 0.018750 0.062500
0 0.576562 0.672917 0.021875 0.045833
0 0.609375 0.677083 0.031250 0.045833
0 0.646875 0.670833 0.037500 0.066667
0 0.687500 0.666667 0.043750 0.066667
0 0.729688 0.675000 0.040625 0.066667
