0 0.154688 0.602083 0.090625 0.270833
0 0.245312 0.604167 0.084375 0.283333
0 0.335938 0.600000 0.090625 0.283333
0 0.423438 0.608333 0.078125 0.108333
0 0.515625 0.604167 0.087500 0.266667
0 0.606250 0.606250 0.087500 0.270833
0 0.693750 0.610417 0.081250 0.270833
0 0.781250 0.616667 0.087500 0.258333
0 0.759375 0.787500 0.056250 0.075000
0 0.707812 0.793750 0.059375 0.079167
0 0.667188 0.787500 0.021875 0.083333
0 0.635938 0.787500 0.040625 0.083333
0 0.590625 0.783333 0.056250 0.083333
0 0.539062 0.783333 0.053125 0.083333
0 0.489063 0.785417 0.059375 0.087500
0 0.442188 0.781250 0.040625 0.087500
0 0.370312 0.785417 0.053125 0.079167
0 0.320312 0.787500 0.046875 0.083333
0 0.273438 0.785417 0.053125 0.087500
0 0.218750 0.785417 0.056250 0.087500
0 0.160938 0.781250 0.065625 0.087500
0 0.273438 0.412500 0.040625 0.083333
0 0.300000 0.412500 0.018750 0.083333
0 0.321875 0.418750 0.025000 0.054167
0 0.350000 0.416667 0.031250 0.066667
0 0.379688 0.414583 0.028125 0.070833
0 0.537500 0.414583 0.037500 0.079167
0 0.606250 0.429167 0.037500 0.075000
0 0.640625 0.418750 0.037500 0.070833
0 0.676562 0.425000 0.034375 0.075000
0 0.579688 0.422917 0.021875 0.087500
