0 0.190625 0.479167 0.118750 0.283333
0 0.306250 0.483333 0.112500 0.291667
0 0.421875 0.479167 0.118750 0.275000
0 0.573438 0.485417 0.128125 0.270833
0 0.692187 0.481250 0.109375 0.262500
0 0.803125 0.489583 0.106250 0.262500
0 0.823438 0.302083 0.059375 0.104167
0 0.870313 0.297917 0.021875 0.062500
0 0.896875 0.302083 0.031250 0.062500
0 0.701562 0.672917 0.040625 0.070833
0 0.667188 0.672917 0.034375 0.070833
0 0.632812 0.672917 0.040625 0.062500
0 0.589063 0.675000 0.040625 0.066667
0 0.551562 0.672917 0.034375 0.062500
0 0.514062 0.670833 0.034375 0.066667
0 0.459375 0.675000 0.043750 0.058333
0 0.423438 0.679167 0.034375 0.058333
0 0.390625 0.677083 0.037500 0.062500
0 0.351562 0.670833 0.040625 0.058333
0 0.312500 0.672917 0.043750 0.062500
