0 0.221875 0.481250 0.081250 0.295833
0 0.314063 0.481250 0.090625 0.287500
0 0.417187 0.487500 0.090625 0.283333
0 0.551562 0.479167 0.103125 0.266667
0 0.648438 0.487500 0.065625 0.266667
0 0.742188 0.481250 0.090625 0.279167
0 0.839063 0.477083 0.084375 0.279167
0 0.854688 0.672917 0.021875 0.062500
0 0.875000 0.668750 0.018750 0.062500
0 0.825000 0.666667 0.025000 0.058333
0 0.600000 0.677083 0.043750 0.079167
0 0.565625 0.679167 0.031250 0.075000
0 0.532813 0.681250 0.034375 0.079167
0 0.503125 0.677083 0.031250 0.079167
0 0.468750 0.677083 0.037500 0.079167
0 0.431250 0.677083 0.037500 0.079167
0 0.445312 0.266667 0.078125 0.108333
0 0.517188 0.266667 0.065625 0.108333
0 0.565625 0.266667 0.037500 0.116667
0 0.615625 0.266667 0.075000 0.116667
