0 0.228125 0.522917 0.075000 0.270833
0 0.314063 0.514583 0.090625 0.262500
0 0.409375 0.514583 0.093750 0.254167
0 0.659375 0.520833 0.100000 0.258333
0 0.750000 0.512500 0.081250 0.250000
0 0.845313 0.514583 0.096875 0.254167
0 0.721875 0.322917 0.056250 0.095833
0 0.660937 0.316667 0.059375 0.100000
0 0.601562 0.318750 0.059375 0.095833
0 0.540625 0.314583 0.056250 0.104167
0 0.490625 0.314583 0.050000 0.095833
0 0.450000 0.308333 0.050000 0.100000
0 0.400000 0.316667 0.050000 0.116667
0 0.343750 0.306250 0.068750 0.104167
0 0.203125 0.314583 0.031250 0.062500
0 0.264062 0.314583 0.040625 0.062500
0 0.232813 0.308333 0.028125 0.066667
0 0.365625 0.691667 0.043750 0.083333
0 0.401562 0.693750 0.028125 0.095833
0 0.423438 0.691667 0.040625 0.091667
0 0.445312 0.693750 0.021875 0.104167
0 0.468750 0.689583 0.037500 0.087500
0 0.500000 0.687500 0.031250 0.091667
0 0.537500 0.687500 0.031250 0.091667
0 0.576562 0.689583 0.046875 0.095833
0 0.607812 0.691667 0.034375 0.091667
0 0.635938 0.689583 0.028125 0.087500
0 0.656250 0.691667 0.018750 0.091667
0 0.679688 0.691667 0.040625 0.091667
0 0.712500 0.695833 0.037500 0.091667
