0 0.212500 0.493750 0.106250 0.287500
0 0.214062 0.697917 0.059375 0.095833
0 0.317188 0.497917 0.103125 0.287500
0 0.418750 0.504167 0.093750 0.283333
0 0.406250 0.302083 0.062500 0.104167
0 0.456250 0.310417 0.037500 0.095833
0 0.495312 0.306250 0.046875 0.095833
0 0.542188 0.322917 0.053125 0.104167
0 0.582812 0.310417 0.046875 0.095833
0 0.637500 0.310417 0.062500 0.087500
0 0.632812 0.510417 0.096875 0.270833
0 0.734375 0.500000 0.093750 0.283333
0 0.831250 0.495833 0.093750 0.283333
0 0.810937 0.702083 0.034375 0.054167
0 0.842187 0.710417 0.021875 0.062500
