0 0.171875 0.525000 0.100000 0.266667
0 0.268750 0.525000 0.093750 0.266667
0 0.364063 0.531250 0.090625 0.245833
0 0.435937 0.535417 0.059375 0.104167
0 0.514062 0.533333 0.090625 0.258333
0 0.614062 0.539583 0.090625 0.270833
0 0.698438 0.537500 0.084375 0.275000
0 0.792188 0.539583 0.096875 0.279167
0 0.662500 0.712500 0.043750 0.091667
0 0.635938 0.714583 0.021875 0.095833
0 0.606250 0.710417 0.037500 0.087500
0 0.570312 0.714583 0.040625 0.095833
0 0.532813 0.708333 0.034375 0.083333
0 0.503125 0.710417 0.031250 0.087500
0 0.467187 0.710417 0.028125 0.079167
0 0.434375 0.708333 0.037500 0.083333
0 0.395313 0.704167 0.040625 0.083333
0 0.356250 0.702083 0.037500 0.087500
0 0.318750 0.706250 0.037500 0.087500
0 0.282813 0.700000 0.040625 0.091667
0 0.173437 0.710417 0.078125 0.079167
0 0.281250 0.352083 0.037500 0.079167
0 0.317188 0.352083 0.034375 0.079167
0 0.351562 0.350000 0.034375 0.083333
0 0.382812 0.354167 0.034375 0.075000
0 0.414062 0.358333 0.034375 0.075000
0 0.440625 0.352083 0.037500 0.070833
0 0.478125 0.360417 0.031250 0.070833
0 0.515625 0.356250 0.037500 0.079167
0 0.562500 0.362500 0.037500 0.075000
0 0.593750 0.358333 0.031250 0.083333
0 0.626563 0.360417 0.034375 0.079167
0 0.653125 0.360417 0.025000 0.079167
0 0.684375 0.362500 0.031250 0.075000
