0 0.079687 0.470833 0.115625 0.283333
0 0.198437 0.475000 0.121875 0.283333
0 0.323437 0.479167 0.121875 0.283333
0 0.581250 0.483333 0.118750 0.316667
0 0.704688 0.483333 0.121875 0.316667
0 0.825000 0.485417 0.118750 0.312500
0 0.648438 0.254167 0.053125 0.091667
0 0.600000 0.256250 0.056250 0.095833
0 0.567187 0.258333 0.021875 0.100000
0 0.532813 0.254167 0.053125 0.100000
0 0.462500 0.254167 0.075000 0.100000
0 0.417187 0.252083 0.040625 0.095833
0 0.376563 0.247917 0.046875 0.095833
0 0.329688 0.252083 0.040625 0.104167
0 0.287500 0.250000 0.050000 0.100000
0 0.245312 0.245833 0.046875 0.100000
0 0.215625 0.681250 0.025000 0.079167
0 0.243750 0.687500 0.031250 0.083333
0 0.264062 0.689583 0.021875 0.095833
0 0.290625 0.693750 0.031250 0.062500
0 0.345313 0.677083 0.046875 0.095833
0 0.390625 0.700000 0.031250 0.075000
0 0.415625 0.681250 0.025000 0.095833
0 0.467187 0.685417 0.040625 0.087500
0 0.503125 0.697917 0.037500 0.070833
0 0.537500 0.693750 0.037500 0.070833
0 0.573438 0.691667 0.034375 0.075000
0 0.609375 0.689583 0.037500 0.070833
0 0.640625 0.695833 0.025000 0.083333
0 0.668750 0.693750 0.043750 0.070833
