0 0.279687 0.479167 0.096875 0.250000
0 0.384375 0.485417 0.100000 0.245833
0 0.460938 0.485417 0.053125 0.079167
0 0.535937 0.491667 0.096875 0.241667
0 0.635938 0.489583 0.084375 0.254167
0 0.732812 0.481250 0.109375 0.237500
0 0.351562 0.666667 0.053125 0.091667
0 0.395313 0.675000 0.034375 0.075000
0 0.428125 0.675000 0.031250 0.075000
0 0.464062 0.679167 0.034375 0.066667
0 0.501563 0.679167 0.046875 0.066667
0 0.554688 0.662500 0.040625 0.100000
0 0.590625 0.677083 0.031250 0.079167
0 0.620313 0.681250 0.034375 0.070833
0 0.646875 0.677083 0.031250 0.087500
0 0.679688 0.679167 0.034375 0.066667
0 0.334375 0.304167 0.050000 0.083333
0 0.375000 0.306250 0.043750 0.095833
0 0.412500 0.316667 0.031250 0.058333
0 0.450000 0.306250 0.037500 0.095833
0 0.485938 0.318750 0.040625 0.054167
0 0.531250 0.306250 0.025000 0.079167
0 0.557813 0.316667 0.034375 0.066667
0 0.582812 0.304167 0.028125 0.091667
0 0.607812 0.320833 0.034375 0.058333
0 0.646875 0.318750 0.037500 0.070833
0 0.685937 0.308333 0.040625 0.100000
