0 0.212500 0.508333 0.100000 0.258333
0 0.317188 0.493750 0.103125 0.254167
0 0.420312 0.504167 0.096875 0.250000
0 0.639062 0.514583 0.103125 0.245833
0 0.737500 0.512500 0.093750 0.266667
0 0.850000 0.518750 0.118750 0.262500
0 0.845313 0.335417 0.021875 0.079167
0 0.875000 0.339583 0.037500 0.070833
0 0.850000 0.752083 0.075000 0.087500
0 0.781250 0.752083 0.050000 0.079167
0 0.728125 0.750000 0.062500 0.083333
0 0.665625 0.747917 0.062500 0.070833
0 0.567187 0.756250 0.071875 0.079167
0 0.514062 0.752083 0.034375 0.079167
0 0.464062 0.747917 0.059375 0.095833
0 0.415625 0.747917 0.037500 0.087500
0 0.370312 0.747917 0.053125 0.095833
0 0.315625 0.741667 0.056250 0.075000
0 0.267188 0.733333 0.040625 0.075000
0 0.217188 0.741667 0.059375 0.083333
0 0.184375 0.325000 0.031250 0.091667
0 0.212500 0.322917 0.031250 0.095833
0 0.243750 0.331250 0.037500 0.095833
0 0.464062 0.270833 0.034375 0.050000
0 0.495312 0.270833 0.028125 0.050000
0 0.521875 0.268750 0.031250 0.045833
0 0.550000 0.272917 0.031250 0.045833
0 0.582812 0.275000 0.034375 0.050000
0 0.612500 0.272917 0.031250 0.045833
