0 0.148438 0.522917 0.096875 0.270833
0 0.245312 0.525000 0.096875 0.275000
0 0.343750 0.535417 0.100000 0.287500
0 0.418750 0.543750 0.050000 0.129167
0 0.492188 0.533333 0.103125 0.275000
0 0.593750 0.539583 0.100000 0.279167
0 0.693750 0.537500 0.106250 0.275000
0 0.801562 0.545833 0.103125 0.275000
0 0.781250 0.358333 0.037500 0.075000
0 0.825000 0.358333 0.050000 0.083333
0 0.115625 0.333333 0.031250 0.083333
0 0.143750 0.337500 0.025000 0.083333
0 0.170313 0.335417 0.028125 0.087500
0 0.306250 0.316667 0.062500 0.108333
0 0.353125 0.322917 0.031250 0.112500
0 0.398438 0.320833 0.059375 0.108333
0 0.457813 0.318750 0.059375 0.112500
0 0.503125 0.327083 0.031250 0.129167
0 0.550000 0.318750 0.062500 0.104167
0 0.600000 0.322917 0.037500 0.112500
0 0.650000 0.327083 0.075000 0.112500
