0 0.231250 0.510417 0.087500 0.254167
0 0.326562 0.512500 0.090625 0.266667
0 0.429688 0.512500 0.103125 0.250000
0 0.520312 0.518750 0.059375 0.162500
0 0.615625 0.516667 0.087500 0.233333
0 0.710938 0.508333 0.090625 0.258333
0 0.807813 0.512500 0.090625 0.258333
0 0.223438 0.325000 0.034375 0.075000
0 0.246875 0.327083 0.025000 0.079167
0 0.268750 0.325000 0.025000 0.075000
0 0.373437 0.333333 0.065625 0.091667
0 0.420312 0.337500 0.040625 0.066667
0 0.454688 0.341667 0.034375 0.091667
0 0.489063 0.327083 0.040625 0.104167
0 0.517188 0.331250 0.021875 0.087500
0 0.543750 0.335417 0.037500 0.070833
0 0.579688 0.345833 0.040625 0.108333
0 0.606250 0.327083 0.018750 0.095833
0 0.637500 0.337500 0.043750 0.075000
0 0.682813 0.339583 0.059375 0.104167
0 0.792188 0.341667 0.034375 0.058333
0 0.826562 0.337500 0.040625 0.058333
