0 0.200000 0.487500 0.118750 0.275000
0 0.320312 0.489583 0.115625 0.279167
0 0.489063 0.497917 0.115625 0.254167
0 0.606250 0.495833 0.112500 0.250000
0 0.718750 0.489583 0.112500 0.245833
0 0.837500 0.491667 0.118750 0.241667
0 0.826562 0.666667 0.040625 0.100000
0 0.868750 0.662500 0.043750 0.091667
0 0.362500 0.675000 0.050000 0.066667
0 0.393750 0.677083 0.012500 0.070833
0 0.409375 0.679167 0.018750 0.075000
0 0.431250 0.677083 0.031250 0.070833
0 0.496875 0.677083 0.050000 0.070833
0 0.529687 0.685417 0.028125 0.045833
0 0.557813 0.685417 0.034375 0.062500
0 0.589063 0.685417 0.028125 0.079167
0 0.615625 0.683333 0.018750 0.066667
0 0.639062 0.683333 0.021875 0.066667
0 0.659375 0.679167 0.018750 0.083333
0 0.693750 0.681250 0.031250 0.070833
0 0.356250 0.254167 0.075000 0.116667
0 0.404687 0.275000 0.034375 0.075000
0 0.437500 0.275000 0.037500 0.075000
0 0.467187 0.270833 0.034375 0.100000
0 0.512500 0.262500 0.050000 0.116667
0 0.546875 0.268750 0.018750 0.120833
0 0.571875 0.272917 0.025000 0.087500
0 0.603125 0.279167 0.037500 0.100000
0 0.631250 0.264583 0.018750 0.104167
0 0.659375 0.279167 0.043750 0.083333
0 0.690625 0.264583 0.018750 0.112500
0 0.717187 0.277083 0.040625 0.087500
