0 0.228125 0.477083 0.075000 0.237500
0 0.312500 0.485417 0.075000 0.229167
0 0.396875 0.485417 0.075000 0.237500
0 0.479687 0.477083 0.071875 0.087500
0 0.567187 0.485417 0.078125 0.229167
0 0.651563 0.477083 0.078125 0.245833
0 0.737500 0.477083 0.087500 0.237500
0 0.165625 0.643750 0.037500 0.079167
0 0.200000 0.647917 0.031250 0.087500
0 0.232813 0.647917 0.034375 0.087500
0 0.748437 0.647917 0.034375 0.079167
0 0.776563 0.643750 0.028125 0.079167
0 0.315625 0.675000 0.025000 0.066667
0 0.345313 0.683333 0.034375 0.041667
0 0.371875 0.681250 0.018750 0.037500
0 0.390625 0.683333 0.012500 0.041667
0 0.401562 0.677083 0.015625 0.062500
0 0.417187 0.681250 0.021875 0.037500
0 0.437500 0.677083 0.025000 0.045833
0 0.468750 0.679167 0.025000 0.050000
0 0.515625 0.670833 0.025000 0.058333
0 0.537500 0.677083 0.018750 0.045833
0 0.550000 0.675000 0.012500 0.041667
0 0.564063 0.677083 0.009375 0.037500
0 0.582812 0.675000 0.021875 0.058333
0 0.657813 0.672917 0.028125 0.054167
0 0.635938 0.677083 0.021875 0.054167
0 0.612500 0.670833 0.025000 0.058333
0 0.185938 0.295833 0.053125 0.075000
0 0.223438 0.295833 0.021875 0.083333
0 0.246875 0.295833 0.025000 0.083333
0 0.332813 0.297917 0.040625 0.079167
0 0.375000 0.297917 0.037500 0.079167
0 0.410938 0.302083 0.034375 0.087500
0 0.439063 0.295833 0.021875 0.075000
0 0.471875 0.293750 0.056250 0.079167
