0 0.146875 0.295833 0.037500 0.091667
0 0.184375 0.468750 0.081250 0.254167
0 0.512500 0.464583 0.093750 0.279167
0 0.610938 0.464583 0.090625 0.287500
0 0.709375 0.466667 0.087500 0.291667
0 0.812500 0.397917 0.068750 0.129167
0 0.814063 0.537500 0.065625 0.125000
0 0.279687 0.720833 0.040625 0.066667
0 0.323437 0.716667 0.046875 0.066667
0 0.362500 0.718750 0.043750 0.062500
0 0.404687 0.716667 0.040625 0.066667
0 0.445312 0.710417 0.040625 0.070833
0 0.482812 0.706250 0.034375 0.062500
0 0.520312 0.706250 0.046875 0.062500
0 0.564063 0.706250 0.046875 0.062500
0 0.607812 0.710417 0.046875 0.062500
0 0.648438 0.706250 0.040625 0.070833
0 0.692187 0.704167 0.040625 0.058333
0 0.735938 0.710417 0.046875 0.070833
